  -2.679185e-10 1.013747e+11 1.013747e+11 1.013754e+11 
  -2.637287e-10 3.571290e+00 3.571290e+00 0.000000e+00 
  -2.595389e-10 5.123298e+00 5.123298e+00 0.000000e+00 
  -2.553491e-10 7.294010e+00 7.294010e+00 0.000000e+00 
  -2.511592e-10 1.033257e+01 1.033257e+01 0.000000e+00 
  -2.469694e-10 1.455190e+01 1.455190e+01 0.000000e+00 
  -2.427796e-10 2.038529e+01 2.038529e+01 0.000000e+00 
  -2.385897e-10 2.839981e+01 2.839981e+01 0.000000e+00 
  -2.343999e-10 3.926153e+01 3.926153e+01 0.000000e+00 
  -2.302101e-10 5.409784e+01 5.409784e+01 0.000000e+00 
  -2.260202e-10 7.400243e+01 7.400243e+01 0.000000e+00 
  -2.218304e-10 1.006814e+02 1.006814e+02 0.000000e+00 
  -2.176406e-10 1.361606e+02 1.361606e+02 0.000000e+00 
  -2.134508e-10 1.831421e+02 1.831421e+02 0.000000e+00 
  -2.092609e-10 2.449606e+02 2.449606e+02 0.000000e+00 
  -2.050711e-10 3.255720e+02 3.255720e+02 0.000000e+00 
  -2.008813e-10 4.304741e+02 4.304741e+02 0.000000e+00 
  -1.966914e-10 5.657026e+02 5.657026e+02 0.000000e+00 
  -1.925016e-10 7.392090e+02 7.392090e+02 0.000000e+00 
  -1.883118e-10 9.603580e+02 9.603580e+02 0.000000e+00 
  -1.841220e-10 1.240614e+03 1.240614e+03 0.000000e+00 
  -1.799321e-10 1.593276e+03 1.593276e+03 0.000000e+00 
  -1.757423e-10 2.034428e+03 2.034428e+03 0.000000e+00 
  -1.715525e-10 2.582966e+03 2.582966e+03 0.000000e+00 
  -1.673626e-10 3.260708e+03 3.260708e+03 0.000000e+00 
  -1.631728e-10 4.092381e+03 4.092381e+03 0.000000e+00 
  -1.589830e-10 5.106395e+03 5.106395e+03 0.000000e+00 
  -1.547931e-10 6.335988e+03 6.335988e+03 0.000000e+00 
  -1.506033e-10 7.816151e+03 7.816151e+03 0.000000e+00 
  -1.464135e-10 9.585860e+03 9.585860e+03 0.000000e+00 
  -1.422237e-10 1.169050e+04 1.169050e+04 0.000000e+00 
  -1.380338e-10 1.417365e+04 1.417365e+04 0.000000e+00 
  -1.338440e-10 1.708485e+04 1.708485e+04 0.000000e+00 
  -1.296542e-10 2.047871e+04 2.047871e+04 0.000000e+00 
  -1.254643e-10 2.440430e+04 2.440430e+04 0.000000e+00 
  -1.212745e-10 2.891482e+04 2.891482e+04 0.000000e+00 
  -1.170847e-10 3.406306e+04 3.406306e+04 0.000000e+00 
  -1.128948e-10 3.989629e+04 3.989629e+04 0.000000e+00 
  -1.087050e-10 4.646028e+04 4.646028e+04 0.000000e+00 
  -1.045152e-10 5.379395e+04 5.379395e+04 0.000000e+00 
  -1.003254e-10 6.192657e+04 6.192657e+04 0.000000e+00 
  -9.613553e-11 7.088188e+04 7.088188e+04 0.000000e+00 
  -9.194570e-11 8.066393e+04 8.066393e+04 0.000000e+00 
  -8.775587e-11 9.126904e+04 9.126904e+04 0.000000e+00 
  -8.356604e-11 1.026768e+05 1.026768e+05 0.000000e+00 
  -7.937621e-11 1.148445e+05 1.148445e+05 0.000000e+00 
  -7.518638e-11 1.277175e+05 1.277175e+05 0.000000e+00 
  -7.099655e-11 1.412186e+05 1.412186e+05 0.000000e+00 
  -6.680672e-11 1.552441e+05 1.552441e+05 0.000000e+00 
  -6.261689e-11 1.696928e+05 1.696928e+05 0.000000e+00 
  -5.842706e-11 1.844161e+05 1.844161e+05 0.000000e+00 
  -5.423723e-11 1.992647e+05 1.992647e+05 0.000000e+00 
  -5.004740e-11 2.140746e+05 2.140746e+05 0.000000e+00 
  -4.585757e-11 2.286611e+05 2.286611e+05 0.000000e+00 
  -4.166774e-11 2.428385e+05 2.428385e+05 0.000000e+00 
  -3.747791e-11 2.564169e+05 2.564169e+05 0.000000e+00 
  -3.328808e-11 2.692025e+05 2.692025e+05 0.000000e+00 
  -2.909825e-11 2.809935e+05 2.809935e+05 0.000000e+00 
  -2.490842e-11 2.916220e+05 2.916220e+05 0.000000e+00 
  -2.071859e-11 3.009140e+05 3.009140e+05 0.000000e+00 
  -1.652876e-11 3.087133e+05 3.087133e+05 0.000000e+00 
  -1.233894e-11 3.149029e+05 3.149029e+05 0.000000e+00 
  -8.149106e-12 3.193687e+05 3.193687e+05 0.000000e+00 
  -3.959276e-12 3.220373e+05 3.220373e+05 0.000000e+00 
  2.305535e-13 3.228574e+05 3.228574e+05 0.000000e+00 
  4.420383e-12 3.218338e+05 3.218338e+05 0.000000e+00 
  8.610213e-12 3.189640e+05 3.189640e+05 0.000000e+00 
  1.280004e-11 3.143047e+05 3.143047e+05 0.000000e+00 
  1.698987e-11 3.079321e+05 3.079321e+05 0.000000e+00 
  2.117970e-11 2.999614e+05 2.999614e+05 0.000000e+00 
  2.536953e-11 2.905162e+05 2.905162e+05 0.000000e+00 
  2.955936e-11 2.797493e+05 2.797493e+05 0.000000e+00 
  3.374919e-11 2.678417e+05 2.678417e+05 0.000000e+00 
  3.793902e-11 2.549586e+05 2.549586e+05 0.000000e+00 
  4.212885e-11 2.413044e+05 2.413044e+05 0.000000e+00 
  4.631868e-11 2.270732e+05 2.270732e+05 0.000000e+00 
  5.050851e-11 2.124521e+05 2.124521e+05 0.000000e+00 
  5.469834e-11 1.976295e+05 1.976295e+05 0.000000e+00 
  5.888817e-11 1.827872e+05 1.827872e+05 0.000000e+00 
  6.307800e-11 1.680871e+05 1.680871e+05 0.000000e+00 
  6.726783e-11 1.536769e+05 1.536769e+05 0.000000e+00 
  7.145766e-11 1.397047e+05 1.397047e+05 0.000000e+00 
  7.564749e-11 1.262680e+05 1.262680e+05 0.000000e+00 
  7.983732e-11 1.134692e+05 1.134692e+05 0.000000e+00 
  8.402715e-11 1.013819e+05 1.013819e+05 0.000000e+00 
  8.821698e-11 9.006211e+04 9.006211e+04 0.000000e+00 
  9.240681e-11 7.954680e+04 7.954680e+04 0.000000e+00 
  9.659663e-11 6.985588e+04 6.985588e+04 0.000000e+00 
  1.007865e-10 6.099118e+04 6.099118e+04 0.000000e+00 
  1.049763e-10 5.294827e+04 5.294827e+04 0.000000e+00 
  1.091661e-10 4.570061e+04 4.570061e+04 0.000000e+00 
  1.133560e-10 3.921921e+04 3.921921e+04 0.000000e+00 
  1.175458e-10 3.346350e+04 3.346350e+04 0.000000e+00 
  1.217356e-10 2.838818e+04 2.838818e+04 0.000000e+00 
  1.259254e-10 2.394485e+04 2.394485e+04 0.000000e+00 
  1.301153e-10 2.008027e+04 2.008027e+04 0.000000e+00 
  1.343051e-10 1.674564e+04 1.674564e+04 0.000000e+00 
  1.384949e-10 1.388026e+04 1.388026e+04 0.000000e+00 
  1.426848e-10 1.144133e+04 1.144133e+04 0.000000e+00 
  1.468746e-10 9.375787e+03 9.375787e+03 0.000000e+00 
  1.510644e-10 7.639949e+03 7.639949e+03 0.000000e+00 
  1.552542e-10 6.189154e+03 6.189154e+03 0.000000e+00 
  1.594441e-10 4.985027e+03 4.985027e+03 0.000000e+00 
  1.636339e-10 3.992373e+03 3.992373e+03 0.000000e+00 
  1.678237e-10 3.179386e+03 3.179386e+03 0.000000e+00 
  1.720136e-10 2.516660e+03 2.516660e+03 0.000000e+00 
  1.762034e-10 1.980973e+03 1.980973e+03 0.000000e+00 
  1.803932e-10 1.550473e+03 1.550473e+03 0.000000e+00 
  1.845831e-10 1.206431e+03 1.206431e+03 0.000000e+00 
  1.887729e-10 9.333739e+02 9.333739e+02 0.000000e+00 
  1.929627e-10 7.179853e+02 7.179853e+02 0.000000e+00 
  1.971525e-10 5.490069e+02 5.490069e+02 0.000000e+00 
  2.013424e-10 4.176439e+02 4.176439e+02 0.000000e+00 
  2.055322e-10 3.156112e+02 3.156112e+02 0.000000e+00 
  2.097220e-10 2.373072e+02 2.373072e+02 0.000000e+00 
  2.139119e-10 1.773312e+02 1.773312e+02 0.000000e+00 
  2.181017e-10 1.316816e+02 1.316816e+02 0.000000e+00 
  2.222915e-10 9.734866e+01 9.734866e+01 0.000000e+00 
  2.264814e-10 7.153685e+01 7.153685e+01 0.000000e+00 
  2.306712e-10 5.223110e+01 5.223110e+01 0.000000e+00 
  2.348610e-10 3.796971e+01 3.796971e+01 0.000000e+00 
  2.390508e-10 2.737305e+01 2.737305e+01 0.000000e+00 
  2.432407e-10 1.967446e+01 1.967446e+01 0.000000e+00 
  2.474305e-10 1.403367e+01 1.403367e+01 0.000000e+00 
  2.516203e-10 9.936567e+00 9.936567e+00 0.000000e+00 
  2.558102e-10 7.018343e+00 7.018343e+00 0.000000e+00 
  2.600000e-10 4.917742e+00 4.917742e+00 0.000000e+00 
  2.641898e-10 3.431651e+00 3.431651e+00 0.000000e+00 
